0.000000 0.000000 0.000000
0.080000 0.006401 0.006400
0.160000 0.025600 0.025600
0.240000 0.057610 0.057600
0.320000 0.102415 0.102398
0.400000 0.160054 0.159983
0.480000 0.230549 0.230292
0.560000 0.313156 0.313095
0.640000 0.409270 0.407681
0.720000 0.511794 0.512183
0.800000 0.626879 0.622254
0.880000 0.730801 0.728811
0.960000 0.816432 0.814723
1.040000 0.858865 0.851235
1.120000 0.774367 0.797191
1.200000 0.581451 0.608497
1.280000 0.275187 0.269453
1.360000 -0.190754 -0.149116
1.440000 -0.411983 -0.441788
1.520000 -0.290048 -0.350864
1.600000 0.104348 0.104348
